id,retention
7001,0
1319,0
8901,0
9175,0
350,0
5494,0
9376,0
6883,0
1514,0
4196,0
6760,0
8608,0
2403,0
507,0
9868,0
6863,0
316,0
8312,0
9518,0
8210,0
5603,0
9139,0
8867,0
1470,0
8702,0
2674,0
5564,0
1428,0
5572,0
6304,0
197,0
5833,0
4320,0
326,0
8774,0
4093,0
876,0
7114,0
399,0
7496,0
9789,0
2011,0
2588,0
528,0
9453,0
8115,0
2498,0
3297,0
8370,0
2453,0
7597,0
8264,0
5393,0
365,0
4315,0
5225,0
711,0
2110,0
1868,0
2397,0
2490,0
9837,0
8701,0
1071,0
7919,0
4293,0
6523,0
6213,0
2298,0
1813,0
9501,0
2701,0
3705,0
7817,0
10077,0
9370,0
2069,0
6730,0
2442,0
7059,0
2257,0
6482,0
1112,0
8983,0
9429,0
7628,0
4833,0
7877,0
8338,0
9929,0
2034,0
1086,0
7873,0
752,0
449,0
7105,0
5128,0
6141,0
916,0
4122,0
7095,0
5708,0
9987,0
8765,0
3090,0
6521,0
8382,0
9411,0
5765,0
6444,0
8639,0
2162,0
3382,0
6799,0
6203,0
9504,0
7890,0
2949,0
3758,0
2699,0
9072,0
2615,0
1647,0
2934,0
9599,0
409,0
9756,0
4919,0
2598,0
7755,0
7663,0
5590,0
3251,0
4169,0
8332,0
2694,0
3572,0
8635,0
3016,0
482,0
348,0
4709,0
3177,0
877,0
6173,0
2645,0
2527,0
9240,0
1199,0
6371,0
5124,0
6499,0
4477,0
1386,0
8070,0
7437,0
6684,0
2009,0
4255,0
4484,0
4231,0
6496,0
9884,0
8809,0
6486,0
6988,0
6916,0
4284,0
5671,0
4893,0
7263,0
9207,0
8064,0
10126,0
4771,0
4343,0
5573,0
8693,0
6710,0
8823,0
9701,0
4335,0
948,0
5141,0
2027,0
7734,0
9471,0
2565,0
4311,0
3716,0
4773,0
4867,0
8505,0
8642,0
5023,0
2630,0
3537,0
3306,0
4117,0
5736,0
3175,0
1143,0
5254,0
9851,0
4045,0
4174,0
3105,0
3877,0
8046,0
1522,0
4936,0
2239,0
1011,0
7055,0
407,0
2512,0
3337,0
9425,0
9371,0
1261,0
4271,0
3613,0
8278,0
7795,0
898,0
6298,0
8468,0
8396,0
2582,0
8488,0
2518,0
82,0
4053,0
2214,0
2716,0
8155,0
2952,0
8262,0
7813,0
2291,0
7481,0
3649,0
6139,0
2502,0
1788,0
5015,0
8593,0
5099,0
8316,0
3130,0
5784,0
7009,0
5624,0
6622,0
10045,0
1918,0
484,0
3139,0
7426,0
1253,0
4788,0
336,0
3111,0
7584,0
1500,0
856,0
5106,0
7385,0
1440,0
7744,0
9967,0
5883,0
8347,0
3588,0
7431,0
4532,0
6537,0
8438,0
3694,0
4745,0
7675,0
1973,0
2666,0
7622,0
4084,0
9977,0
358,0
10093,0
7015,0
1958,0
6671,0
2870,0
4425,0
6300,0
8861,0
1636,0
6322,0
5811,0
5876,0
733,0
9302,0
2506,0
3160,0
8024,0
3116,0
4403,0
8188,0
4055,0
4538,0
5820,0
2091,0
7872,0
6449,0
6822,0
661,0
2783,0
9099,0
7534,0
3818,0
4433,0
666,0
4337,0
7904,0
2581,0
1101,0
4292,0
4439,0
5897,0
3783,0
1010,0
7715,0
4054,0
4197,0
8473,0
9078,0
9952,0
4499,0
6373,0
6509,0
1870,0
3539,0
2302,0
3763,0
9229,0
4443,0
9695,0
9297,0
4842,0
247,0
2452,0
5430,0
1526,0
9800,0
6891,0
8761,0
6152,0
6526,0
7513,0
4202,0
7217,0
1865,0
9776,0
9547,0
9951,0
2473,0
1237,0
2193,0
257,0
1837,0
4901,0
3682,0
5503,0
4147,0
9893,0
8566,0
1765,0
5398,0
4448,0
7512,0
7478,0
8643,0
1975,0
6941,0
8755,0
706,0
3800,0
1561,0
1887,0
3510,0
5207,0
5077,0
9290,0
2231,0
4252,0
7495,0
7180,0
3327,0
6036,0
1869,0
2839,0
6816,0
8571,0
3860,0
4407,0
1138,0
4831,0
1090,0
3559,0
10083,0
8948,0
539,0
944,0
5831,0
4296,0
5103,0
4497,0
766,0
5529,0
9601,0
3391,0
7408,0
8274,0
7450,0
8160,0
4712,0
5731,0
8295,0
2109,0
4177,0
2854,0
3768,0
173,0
5952,0
1706,0
3770,0
6159,0
5286,0
5803,0
7231,0
3525,0
7168,0
9244,0
5138,0
7736,0
6911,0
2824,0
14,0
6765,0
9380,0
7951,0
5888,0
5190,0
4001,0
9525,0
4560,0
565,0
204,0
838,0
5133,0
873,0
4540,0
7921,0
6423,0
5616,0
1218,0
2224,0
2185,0
9102,0
9731,0
7733,0
5583,0
3043,0
7680,0
1679,0
7068,0
8671,0
8407,0
2372,0
5484,0
1798,0
6518,0
3842,0
1163,0
4329,0
5068,0
9892,0
2501,0
8214,0
793,0
4756,0
9337,0
9934,0
4208,0
630,0
583,0
7983,0
6356,0
8865,0
6342,0
10053,0
6055,0
6807,0
5091,0
6869,0
6785,0
4643,0
1005,0
5220,0
8638,0
10004,0
4400,0
3286,0
2601,0
6180,0
1572,0
8428,0
6460,0
3183,0
5650,0
3000,0
4321,0
9372,0
6230,0
5387,0
6626,0
9472,0
2164,0
2223,0
7100,0
6425,0
2160,0
504,0
4334,0
8973,0
3039,0
9617,0
5058,0
6308,0
5366,0
9047,0
5170,0
1774,0
362,0
8443,0
3535,0
6741,0
8812,0
9089,0
4041,0
867,0
6960,0
6448,0
1552,0
4188,0
4924,0
8625,0
6420,0
9467,0
8854,0
7304,0
476,0
6899,0
2767,0
9708,0
5881,0
2046,0
7572,0
2260,0
8808,0
8452,0
6017,0
4727,0
6650,0
3627,0
3656,0
5329,0
2416,0
8653,0
9391,0
639,0
7678,0
1189,0
4740,0
2370,0
7531,0
2802,0
2850,0
5551,0
6708,0
9412,0
5266,0
6154,0
33,0
201,0
6261,0
2662,0
8034,0
2368,0
6815,0
7014,0
8665,0
154,0
2378,0
9104,0
5556,0
9983,0
7297,0
9899,0
9272,0
5563,0
1089,0
8845,0
6126,0
6339,0
6992,0
210,0
6812,0
7023,0
3598,0
2406,0
1432,0
3999,0
7901,0
6795,0
2171,0
685,0
5243,0
636,0
5505,0
4775,0
4145,0
1525,0
2463,0
803,0
3036,0
3786,0
4488,0
2469,0
4845,0
6368,0
6464,0
3432,0
4243,0
8573,0
7582,0
9114,0
8013,0
2323,0
7844,0
2566,0
5935,0
6271,0
1080,0
9378,0
4008,0
7084,0
4610,0
5554,0
1318,0
7148,0
5287,0
9527,0
2599,0
4550,0
8864,0
6333,0
1434,0
4850,0
1245,0
386,0
8866,0
6963,0
1267,0
8926,0
2720,0
8655,0
6662,0
2605,0
10029,0
2846,0
7629,0
2005,0
6236,0
6411,0
3143,0
8773,0
3231,0
7087,0
5596,0
1190,0
7548,0
801,0
9914,0
7292,0
7320,0
1006,0
4289,0
8862,0
6555,0
2032,0
4088,0
2986,0
1457,0
7232,0
2586,0
1540,0
7947,0
7036,0
9332,0
1814,0
5008,0
9117,0
4286,0
4674,0
2897,0
279,0
6734,0
1847,0
1606,0
6651,0
4885,0
5376,0
4935,0
6135,0
3020,0
6897,0
5667,0
9615,0
9950,0
9948,0
7340,0
7689,0
595,0
6100,0
5000,0
186,0
6836,0
5477,0
9185,0
8929,0
6321,0
1034,0
894,0
2120,0
5007,0
9752,0
6399,0
4376,0
8213,0
4948,0
4508,0
9751,0
1773,0
160,0
697,0
5719,0
9040,0
4190,0
4620,0
6352,0
8637,0
8110,0
9044,0
9831,0
2823,0
3610,0
2222,0
1864,0
5510,0
8317,0
7480,0
1015,0
3343,0
8063,0
3814,0
5816,0
6196,0
252,0
2723,0
2094,0
1965,0
5285,0
8307,0
6340,0
7963,0
5700,0
5799,0
7684,0
2107,0
8326,0
609,0
1716,0
5592,0
5239,0
5576,0
3316,0
180,0
6009,0
3365,0
2558,0
5746,0
3832,0
9567,0
5737,0
5955,0
111,0
95,0
277,0
4574,0
1769,0
7829,0
3338,0
4436,0
228,0
1358,0
7227,0
7671,0
6069,0
9228,0
7999,0
678,0
3856,0
7931,0
4660,0
8258,0
1210,0
8840,0
473,0
3420,0
9957,0
2369,0
8038,0
3978,0
3272,0
5687,0
1311,0
3816,0
2816,0
3299,0
3608,0
7246,0
2503,0
352,0
9366,0
1983,0
9083,0
9007,0
9653,0
2399,0
2401,0
2143,0
489,0
4689,0
2882,0
3709,0
7672,0
9908,0
1542,0
344,0
9255,0
2038,0
8722,0
2842,0
3833,0
9641,0
9135,0
6562,0
9443,0
2216,0
4278,0
9545,0
5858,0
8383,0
3167,0
500,0
2562,0
6195,0
7451,0
9112,0
8095,0
9924,0
633,0
1827,0
8582,0
3464,0
2776,0
1366,0
7477,0
2072,0
2456,0
1707,0
7247,0
8125,0
5078,0
9672,0
2514,0
9889,0
5418,0
1329,0
545,0
9846,0
1052,0
6125,0
2711,0
8986,0
357,0
5219,0
5065,0
4405,0
4474,0
5182,0
5545,0
7839,0
2775,0
7743,0
79,0
3977,0
2137,0
3754,0
8942,0
4523,0
4962,0
466,0
8253,0
3633,0
8885,0
467,0
9233,0
797,0
1478,0
8153,0
6789,0
7674,0
1198,0
5485,0
4300,0
5147,0
8028,0
8484,0
2650,0
9216,0
1527,0
6218,0
9338,0
6245,0
4489,0
5373,0
3621,0
1424,0
3280,0
2467,0
9573,0
5547,0
1982,0
229,0
7062,0
671,0
4677,0
6143,0
3735,0
1904,0
3470,0
2546,0
6181,0
7910,0
4302,0
7376,0
5679,0
1043,0
3245,0
3252,0
2929,0
5891,0
9612,0
5621,0
5187,0
5123,0
5978,0
8033,0
2188,0
2916,0
1602,0
5111,0
6438,0
42,0
7449,0
8950,0
5277,0
8602,0
35,0
5974,0
6597,0
3976,0
5905,0
3015,0
5397,0
1517,0
2764,0
9585,0
2909,0
1221,0
530,0
5116,0
4774,0
7318,0
6462,0
6380,0
6332,0
7110,0
9600,0
7986,0
3972,0
6107,0
2142,0
1159,0
5454,0
1243,0
8677,0
2113,0
6284,0
5221,0
5296,0
3695,0
8394,0
7558,0
9853,0
3817,0
9955,0
2592,0
6922,0
5709,0
8741,0
5474,0
4633,0
4487,0
1481,0
4340,0
8756,0
4764,0
3467,0
6737,0
9888,0
1062,0
4351,0
6680,0
9844,0
3328,0
1496,0
9555,0
8171,0
371,0
1669,0
1506,0
8511,0
3755,0
1326,0
1684,0
5707,0
4927,0
4341,0
9012,0
1920,0
3332,0
8688,0
7831,0
5351,0
857,0
7638,0
9812,0
4573,0
2081,0
1251,0
7604,0
7161,0
9091,0
8780,0
3400,0
7889,0
5548,0
8709,0
9270,0
870,0
5511,0
943,0
1294,0
9006,0
393,0
7594,0
822,0
798,0
3202,0
1546,0
2471,0
5762,0
5895,0
3290,0
2622,0
6748,0
574,0
732,0
5380,0
6944,0
2903,0
1596,0
8462,0
6389,0
11,0
9458,0
6384,0
2539,0
2115,0
2712,0
9859,0
7088,0
1567,0
6238,0
2367,0
114,0
6336,0
269,0
3899,0
5774,0
5181,0
3620,0
9388,0
8550,0
5357,0
7377,0
8097,0
67,0
1139,0
3867,0
5937,0
6773,0
5270,0
3225,0
5446,0
3395,0
4060,0
3176,0
8435,0
7843,0
8144,0
1846,0
1966,0
7397,0
8424,0
1495,0
4563,0
9902,0
3948,0
3304,0
6954,0
8995,0
4934,0
245,0
518,0
3975,0
1977,0
7260,0
5523,0
7722,0
7765,0
5252,0
7682,0
9785,0
6194,0
9261,0
7656,0
3071,0
2852,0
2148,0
4653,0
677,0
2885,0
5823,0
4591,0
5302,0
3697,0
811,0
8238,0
6804,0
3446,0
9359,0
703,0
3862,0
3752,0
3958,0
9274,0
2102,0
5874,0
4277,0
6145,0
501,0
9750,0
7960,0
5409,0
4162,0
2129,0
10052,0
571,0
8358,0
3761,0
885,0
7034,0
9686,0
8322,0
7757,0
8696,0
1665,0
9992,0
8843,0
4071,0
6311,0
9777,0
5080,0
6391,0
7447,0
5018,0
8967,0
7010,0
8035,0
3223,0
4396,0
9038,0
4469,0
4261,0
2876,0
6887,0
4817,0
9634,0
6366,0
4654,0
1172,0
7600,0
2631,0
670,0
446,0
8187,0
9696,0
4855,0
7732,0
1839,0
94,0
4322,0
483,0
8074,0
2478,0
9644,0
2276,0
3630,0
3169,0
3224,0
3813,0
5218,0
8244,0
9569,0
4603,0
5727,0
6020,0
1305,0
5478,0
7494,0
5798,0
9170,0
5964,0
5812,0
9127,0
10048,0
8208,0
5236,0
8887,0
7685,0
1991,0
1479,0
940,0
2016,0
9564,0
9824,0
445,0
7485,0
2303,0
2604,0
3625,0
9434,0
3914,0
9697,0
6375,0
4718,0
3310,0
1013,0
4230,0
3208,0
6770,0
1806,0
2166,0
9746,0
6801,0
6132,0
6345,0
10073,0
5274,0
7878,0
9236,0
9246,0
8340,0
4943,0
3943,0
4688,0
3325,0
8405,0
2458,0
7636,0
2170,0
5541,0
3253,0
8819,0
7553,0
2179,0
6307,0
860,0
7115,0
5230,0
5939,0
301,0
3023,0
4033,0
4029,0
2792,0
4994,0
4391,0
9218,0
146,0
4392,0
1023,0
3069,0
9303,0
2479,0
342,0
7117,0
8525,0
3233,0
8135,0
6077,0
1539,0
4336,0
3927,0
4970,0
375,0
3186,0
5194,0
4776,0
7409,0
4290,0
7076,0
3540,0
7276,0
6768,0
7070,0
7619,0
757,0
854,0
7516,0
8656,0
8691,0
3730,0
4998,0
8694,0
4544,0
5751,0
6162,0
5195,0
5337,0
4662,0
9969,0
2168,0
7139,0
6314,0
963,0
129,0
468,0
8231,0
8908,0
4025,0
7026,0
2366,0
1777,0
9149,0
6168,0
9221,0
6392,0
8697,0
6378,0
7172,0
3045,0
7134,0
5048,0
8118,0
6828,0
7498,0
7491,0
8878,0
6974,0
4986,0
6763,0
2144,0
3917,0
7136,0
840,0
7761,0
6113,0
9300,0
8710,0
3349,0
6865,0
7268,0
6893,0
5060,0
4932,0
7603,0
9009,0
8502,0
8886,0
9918,0
9618,0
5335,0
8377,0
8797,0
6751,0
4450,0
1085,0
2457,0
9027,0
3192,0
4858,0
55,0
5379,0
3450,0
2220,0
6668,0
9186,0
3515,0
6692,0
5607,0
5331,0
8618,0
1537,0
5984,0
4611,0
4249,0
6740,0
3309,0
3065,0
1550,0
262,0
7515,0
2071,0
8092,0
5877,0
6627,0
8286,0
9972,0
8486,0
2736,0
3264,0
7695,0
8935,0
511,0
7539,0
3638,0
8987,0
9016,0
7537,0
4458,0
5467,0
7042,0
4020,0
8852,0
8122,0
9039,0
2434,0
2519,0
1930,0
9606,0
2649,0
4649,0
8205,0
2273,0
310,0
7776,0
2464,0
1317,0
1620,0
46,0
6259,0
7242,0
3771,0
6266,0
3463,0
4950,0
5196,0
10066,0
6648,0
1019,0
4864,0
7507,0
6786,0
2579,0
6493,0
5053,0
4206,0
5514,0
9172,0
5957,0
3829,0
221,0
2314,0
1758,0
5766,0
5980,0
7609,0
728,0
7774,0
5909,0
5490,0
8724,0
198,0
7858,0
1348,0
5088,0
2510,0
6564,0
5014,0
7048,0
2957,0
3029,0
2065,0
2974,0
1871,0
3190,0
9882,0
4954,0
318,0
3364,0
6546,0
7801,0
4481,0
1178,0
6200,0
6752,0
2961,0
7804,0
9827,0
3163,0
4996,0
2735,0
86,0
3136,0
8223,0
2329,0
5072,0
3480,0
9247,0
4713,0
5232,0
2814,0
6841,0
673,0
3601,0
5619,0
2695,0
1763,0
3366,0
2549,0
596,0
7729,0
3520,0
1472,0
1370,0
9069,0
5355,0
8675,0
9943,0
200,0
6624,0
1644,0
1098,0
4844,0
8091,0
8103,0
10102,0
808,0
2955,0
9875,0
5686,0
4979,0
10041,0
8401,0
4680,0
3080,0
8247,0
4843,0
216,0
6334,0
3871,0
615,0
5136,0
2447,0
9704,0
4972,0
5764,0
3799,0
8337,0
9234,0
7799,0
5224,0
3582,0
2705,0
9989,0
9735,0
9574,0
9749,0
9289,0
9930,0
163,0
7737,0
5374,0
3156,0
2634,0
8237,0
8271,0
3702,0
4424,0
5431,0
550,0
965,0
2809,0
6530,0
5283,0
6381,0
443,0
4720,0
10115,0
8687,0
5177,0
2337,0
164,0
7653,0
5850,0
9491,0
2925,0
3988,0
7718,0
332,0
2078,0
7654,0
7868,0
880,0
8553,0
759,0
9030,0
3895,0
9433,0
1491,0
5338,0
3008,0
7331,0
4059,0
3352,0
7593,0
6246,0
8109,0
3667,0
1702,0
6832,0
10107,0
3693,0
627,0
513,0
8619,0
7764,0
9192,0
812,0
2727,0
6079,0
7202,0
8391,0
4580,0
9921,0
1074,0
971,0
557,0
5673,0
9160,0
8746,0
5110,0
9191,0
834,0
4786,0
298,0
7566,0
2285,0
9071,0
1604,0
8190,0
8883,0
7911,0
7876,0
9953,0
2917,0
5291,0
5109,0
3769,0
8211,0
4770,0
3207,0
2637,0
1262,0
1258,0
4819,0
8256,0
5326,0
6064,0
4262,0
5203,0
7182,0
5581,0
6476,0
2594,0
9226,0
824,0
7201,0
776,0
2600,0
978,0
2121,0
238,0
4899,0
2881,0
465,0
6084,0
9324,0
9646,0
2543,0
178,0
9173,0
4365,0
8367,0
3114,0
8535,0
1490,0
4431,0
5755,0
9959,0
7415,0
1255,0
734,0
5997,0
9168,0
7748,0
9386,0
1148,0
769,0
2718,0
2301,0
6172,0
1476,0
1929,0
1884,0
859,0
779,0
936,0
3436,0
5880,0
8748,0
9510,0
3095,0
8626,0
4531,0
7424,0
3447,0
10009,0
6224,0
2664,0
8915,0
6885,0
5747,0
3411,0
379,0
2437,0
9947,0
6124,0
6875,0
2570,0
5069,0
4522,0
5027,0
8628,0
360,0
25,0
4073,0
6163,0
3348,0
3885,0
8478,0
8533,0
6033,0
8939,0
9209,0
2714,0
2632,0
6781,0
8507,0
7392,0
2673,0
4692,0
6579,0
391,0
6031,0
7150,0
2841,0
5040,0
2926,0
9116,0
3879,0
7358,0
1882,0
8006,0
5173,0
3795,0
2939,0
4627,0
5118,0
9710,0
2728,0
3347,0
6702,0
3886,0
2334,0
3524,0
9531,0
8195,0
1676,0
3675,0
5403,0
6328,0
6977,0
2987,0
6774,0
5025,0
2639,0
4906,0
177,0
8934,0
1306,0
3235,0
5151,0
6467,0
6313,0
6418,0
189,0
8816,0
9110,0
6258,0
1603,0
7510,0
5780,0
4483,0
8664,0
4804,0
1677,0
5495,0
1819,0
9147,0
5694,0
2900,0
9150,0
8440,0
77,0
1448,0
2893,0
8297,0
7924,0
6834,0
9781,0
2652,0
9418,0
3154,0
580,0
6909,0
8039,0
6131,0
8159,0
6525,0
911,0
7174,0
3834,0
5096,0
3614,0
9094,0
3291,0
7667,0
5473,0
4083,0
7045,0
5644,0
3089,0
4297,0
886,0
4012,0
9865,0
8193,0
4961,0
604,0
5408,0
4517,0
158,0
8961,0
4687,0
1549,0
8609,0
6123,0
1733,0
6360,0
3528,0
895,0
8822,0
2988,0
7848,0
227,0
7642,0
2356,0
3993,0
1988,0
2392,0
6978,0
1544,0
7430,0
8695,0
3433,0
9002,0
7754,0
3128,0
6465,0
3284,0
2333,0
7826,0
5705,0
4811,0
3502,0
4880,0
6601,0
7544,0
4628,0
4989,0
2730,0
8048,0
1660,0
698,0
2066,0
251,0
3827,0
8425,0
9595,0
2173,0
3611,0
9712,0
6078,0
2734,0
9571,0
4412,0
6726,0
2741,0
57,0
2531,0
9346,0
10047,0
8355,0
1349,0
9339,0
3907,0
10006,0
4256,0
10117,0
2454,0
1754,0
3042,0
6709,0
5200,0
3260,0
4465,0
2703,0
464,0
750,0
672,0
9671,0
2004,0
8720,0
6442,0
6904,0
6739,0
3632,0
6385,0
3213,0
3004,0
1743,0
9141,0
1994,0
290,0
3152,0
8662,0
2326,0
4670,0
5086,0
2729,0
3823,0
5843,0
5020,0
5093,0
1963,0
4647,0
5924,0
5683,0
3385,0
3660,0
1724,0
7917,0
3570,0
7879,0
1192,0
8008,0
3399,0
3628,0
782,0
8944,0
1049,0
8088,0
5682,0
4113,0
6725,0
4586,0
4414,0
4546,0
6721,0
493,0
7470,0
8881,0
2496,0
8860,0
3987,0
2953,0
432,0
1952,0
8670,0
7195,0
5835,0
9639,0
6590,0
4869,0
7621,0
10036,0
5358,0
5383,0
6778,0
1332,0
9076,0
9739,0
5126,0
7529,0
5589,0
3546,0
8719,0
1373,0
6047,0
3270,0
3822,0
9310,0
4861,0
903,0
3135,0
6677,0
9666,0
5689,0
1938,0
4886,0
6882,0
9529,0
3806,0
2470,0
5425,0
945,0
2576,0
9685,0
1800,0
8016,0
9263,0
2086,0
2696,0
1927,0
6746,0
6294,0
1375,0
8992,0
1897,0
9949,0
4377,0
7085,0
3056,0
6347,0
1244,0
7159,0
5946,0
8302,0
5956,0
3796,0
4949,0
404,0
9265,0
6652,0
4963,0
4097,0
3259,0
1411,0
7329,0
5012,0
8453,0
8536,0
8398,0
2408,0
10067,0
3358,0
7214,0
9620,0
8,0
5249,0
7792,0
4435,0
4291,0
7898,0
4981,0
3861,0
3133,0
329,0
3340,0
1785,0
7290,0
260,0
1403,0
5146,0
1889,0
2455,0
9352,0
4259,0
6353,0
5222,0
3226,0
6232,0
4209,0
8291,0
7104,0
5528,0
1664,0
3811,0
3848,0
4694,0
2163,0
3866,0
872,0
4451,0
8661,0
8600,0
5322,0
1534,0
8412,0
2709,0
9442,0
9136,0
7525,0
3398,0
10037,0
7420,0
7536,0
5115,0
788,0
8646,0
5067,0
7436,0
5002,0
2391,0
529,0
6130,0
1183,0
2116,0
6586,0
9629,0
4808,0
5137,0
7970,0
3113,0
6351,0
3001,0
4027,0
9087,0
5063,0
5402,0
9019,0
9678,0
367,0
4107,0
4967,0
1336,0
1513,0
1482,0
10002,0
2074,0
9122,0
1787,0
4681,0
6985,0
4399,0
9353,0
3635,0
2423,0
7341,0
7627,0
10087,0
3518,0
8556,0
7832,0
7916,0
1535,0
3406,0
297,0
2860,0
8107,0
6864,0
9241,0
1507,0
5272,0
9452,0
3244,0
7937,0
4078,0
3018,0
208,0
2039,0
6647,0
5185,0
2739,0
5701,0
3021,0
6936,0
3082,0
5024,0
4846,0
6955,0
1894,0
7665,0
4566,0
4480,0
9608,0
6341,0
3182,0
3684,0
1587,0
4632,0
4452,0
9347,0
6984,0
8059,0
6965,0
6006,0
1075,0
7294,0
182,0
9450,0
6243,0
786,0
6260,0
4379,0
9626,0
9604,0
8493,0
9476,0
5702,0
2055,0
7160,0
3162,0
3471,0
6819,0
2272,0
1423,0
1498,0
267,0
9543,0
7579,0
9314,0
6183,0
8066,0
9479,0
37,0
10060,0
2585,0
7589,0
5037,0
7004,0
9097,0
8654,0
4037,0
1450,0
9237,0
8718,0
2812,0
7474,0
8779,0
8265,0
1269,0
6933,0
8344,0
3872,0
5359,0
7783,0
8096,0
364,0
8236,0
9582,0
3254,0
1443,0
4319,0
8783,0
1725,0
4401,0
7822,0
7074,0
1314,0
9195,0
10070,0
4976,0
149,0
7407,0
2318,0
643,0
5660,0
3845,0
5264,0
8825,0
2412,0
3266,0
6833,0
9718,0
6309,0
3012,0
2704,0
9050,0
3350,0
2640,0
6244,0
1499,0
4358,0
2064,0
9,0
6641,0
5119,0
4672,0
7798,0
4089,0
1454,0
7825,0
1948,0
3647,0
5104,0
3669,0
2833,0
5629,0
1236,0
2838,0
551,0
9702,0
8940,0
5064,0
8431,0
6414,0
7330,0
165,0
6205,0
64,0
6749,0
1564,0
4711,0
4676,0
6492,0
2936,0
5661,0
8415,0
7347,0
5648,0
586,0
5229,0
8981,0
8977,0
3091,0
7941,0
4977,0
1808,0
10042,0
1042,0
9931,0
90,0
5460,0
1752,0
4345,0
9193,0
4429,0
3101,0
8984,0
1195,0
9706,0
7543,0
2591,0
1807,0
7894,0
9196,0
3479,0
2215,0
2973,0
8022,0
9719,0
7576,0
6235,0
3968,0
4859,0
3396,0
6924,0
4338,0
5962,0
865,0
572,0
2529,0
5893,0
6908,0
3404,0
7422,0
3554,0
4594,0
8228,0
5756,0
8591,0
3055,0
634,0
1493,0
1576,0
9833,0
5878,0
7639,0
2971,0
497,0
8111,0
9549,0
7027,0
9360,0
7699,0
2858,0
7967,0
2517,0
9982,0
6267,0
7108,0
1953,0
640,0
4257,0
2386,0
3787,0
5231,0
1770,0
6628,0
4031,0
3239,0
9649,0
9818,0
2676,0
8781,0
8982,0
907,0
4459,0
4958,0
3041,0
444,0
8545,0
680,0
3329,0
6014,0
7211,0
1595,0
1912,0
6189,0
5273,0
7049,0
6401,0
5052,0
4537,0
6337,0
1776,0
9795,0
869,0
1217,0
4612,0
9757,0
6501,0
9298,0
207,0
6543,0
2771,0
753,0
1730,0
7053,0
5127,0
3212,0
421,0
8772,0
4005,0
7381,0
4179,0
4528,0
8025,0
1842,0
6808,0
4779,0
3505,0
3468,0
3726,0
110,0
8031,0
